time_i  = [0.25 0.75 1.25 1.75 2.25 2.75 3.25]
coordinate_y_i  = [4.29 3.71 3.32 3.03 2.94 2.82 2.75]

function coordinate_y_i = polynom_n6(x)
